/* Escena */
0.2
/* Luces*/
Luz_1
-200.0,300.0,-1000.0
1.0
0.0
0.0
1.0
/* Esferas */
Esfera_1 
200.0,200.0,650.0
200.0
0.8
0.4
20
0.3
1.0,0.0,0.0
Esfera_2
100.0,200.0,100.0
60.0
0.8
0.4
20
0.3
0.0,0.0,1.0
/* Poligonos */
Poligono_1
1.0,0.0,1.0
0.4
0.5
1.0
1.0
55.0,60.0,73.0
55.0,70.0,73.0
55.0,80.0,73.0
55.0,90.0,73.0
55.0,100.0,73.0
55.0,110.0,73.0
END_Poligono_1
Poligono_2
1.0,1.0,0.0
0.3
0.7
1.0
0.6
55.0,60.0,23.0
55.0,70.0,73.0
75.0,80.0,13.0
55.0,90.0,73.0
45.0,100.0,73.0
55.0,110.0,73.0
END_Poligono_2
Poligono_2
/* Cilindros */
/* Conos */
