/* Escena */
0.2
/* Luces*/
Luz_1
-200.0,300.0,-1000.0
1.0
0.0
0.0
1.0
Luz_trasera
200.0,600.0,650.0
1.0
0.0
0.0
1.0
Luz_derecha
500.0,200.0,650.0
1.0
0.0
0.0
1.0
/* Esferas */
Esfera_1 
200.0,200.0,650.0
200.0
0.8
0.4
20
0.3
1.0,0.0,0.0
Esfera_2
100.0,200.0,100.0
60.0
0.8
0.4
20
0.3
0.0,0.0,1.0
/* Poligonos */
Poligono_1
0.0,0.0,1.0
0.4
0.5
20
0.7
50.0,150.0,200.0
250.0,150.0,200.0
50.0,50.0,200.0
150.0,200.0,200.0
250.0,50.0,200.0
50.0,150.0,200.0
END_Poligono
Poligono_acostado
0.0,1.0,1.0
0.4
0.5
20
0.7
0.0,200.0,0.0
400.0,200.0,0.0
200.0,200.0,200.0
0.0,200.0,0.0
END_Poligono
Poligono_acostado_Superior
0.0,1.0,1.0
0.4
0.5
20
0.7
0.0,400.0,0.0
400.0,400.0,0.0
200.0,200.0,200.0
0.0,400.0,0.0
END_Poligono
/* Cilindros */
Cilindro_EjeX
0.0,0.0,0.0
1.0,0.0,0.0
1.0
0
10000
0.2
0.4
50
0.3
1.0,1.0,1.0
Cilindro_EjeY
0.0,0.0,0.0
0.0,1.0,0.0
1.0
0
10000
0.2
0.4
50
0.3
1.0,1.0,1.0
Cilindro_EjeZ
0.0,0.0,0.0
0.0,0.0,1.0
1.0
0
10000
0.2
0.4
50
0.3
1.0,1.0,1.0
/* Conos */
Cono_1
200.0, 200.0, 10.0
20.0, 1000.0, 60.0
600.0
300.0
-50.0
100.0
0.2
0.6
5
0.2
1, 0.5, 0.2